saved_ratio:0.7243808225403319 +- 0.010854415735056787
extra_overhead:0.5515326555308572 +- 0.008461203275180304
vanilla_max_memory_used:5868.0 +- 0.0
schedule_max_memory_used:1617.3333333333333 +- 63.69371153331299
vanilla_time_cost:18.983383337656658 +- 0.05685688541336091
schedule_time_cost:29.45334593454997 +- 0.18465981914395702
efficiency:1.3133960705247927