saved_ratio:0.32633013374338454 +- 0.04804251437209448
extra_overhead:0.24806303832466567 +- 0.036703822455331304
vanilla_max_memory_used:3095.0 +- 3.265986323710904
schedule_max_memory_used:2085.0 +- 148.60237772884614
vanilla_time_cost:14.327513058980307 +- 0.2855265048747536
schedule_time_cost:19.08631920814514 +- 0.722672096020799
efficiency:1.315512927469197