saved_ratio:0.6520994001713797 +- 0.004527795994386549
extra_overhead:0.5316171162694293 +- 0.02223012259561334
vanilla_max_memory_used:3890.0 +- 0.0
schedule_max_memory_used:1353.3333333333333 +- 17.613126418163876
vanilla_time_cost:22.10842529932658 +- 0.00740484001094578
schedule_time_cost:33.861654917399086 +- 0.4923845599773474
efficiency:1.2266335680600784