saved_ratio:0.32010243277848915 +- 0.02264069519398181
extra_overhead:0.3924265037954902 +- 0.0388376121450812
vanilla_max_memory_used:1562.0 +- 0.0
schedule_max_memory_used:1062.0 +- 35.364765892999586
vanilla_time_cost:10.094542344411215 +- 0.3214021987820149
schedule_time_cost:14.04348087310791 +- 0.07268634717439035
efficiency:0.8157003405287525