saved_ratio:0.33985462944093475 +- 0.021245316089465865
extra_overhead:0.14568135810855798 +- 0.02777621904813913
vanilla_max_memory_used:9814.0 +- 0.0
schedule_max_memory_used:6478.666666666667 +- 208.5015321020181
vanilla_time_cost:36.964091300964355 +- 0.03783325154277052
schedule_time_cost:43.312163988749184 +- 1.3800437974971764
efficiency:2.3328628580444994