saved_ratio:0.3228169116367175 +- 0.007263062115022025
extra_overhead:0.11012417692858745 +- 0.003375869588215572
vanilla_max_memory_used:3377.6666666666665 +- 41.35483311805553
schedule_max_memory_used:2287.0 +- 4.320493798938574
vanilla_time_cost:67.71182759602864 +- 0.6929234347086717
schedule_time_cost:75.17026162147522 +- 0.9509153834265877
efficiency:2.9313900057210467