saved_ratio:0.36964556349418604 +- 0.00871145675737903
extra_overhead:0.05014677366031661 +- 0.039697616649460386
vanilla_max_memory_used:9814.875 +- 0.0
schedule_max_memory_used:43.672082821528114 +- 1.7081671285139068
vanilla_time_cost:41.41451382637024 +- 0.21595104846409222
schedule_time_cost:43.672082821528114 +- 1.7081671285139066
efficiency:7.371273095216156