saved_ratio:0.664259182831201 +- 0.004390417773347929
extra_overhead:0.16071469388466073 +- 0.013246756185833902
vanilla_max_memory_used:9692.0 +- 0.0
schedule_max_memory_used:38.91273625691732 +- 0.5490565330388931
vanilla_time_cost:32.651658058166504 +- 0.08065874214639313
schedule_time_cost:38.91273625691732 +- 0.5490565330388931
efficiency:4.133157751636054