saved_ratio:0.6592788620575588 +- 0.009827888391292193
extra_overhead:0.3383968310935946 +- 0.05100674179204988
vanilla_max_memory_used:6046.0 +- 0.0
schedule_max_memory_used:2060.0 +- 59.41941321375251
vanilla_time_cost:25.22869873046875 +- 0.4121335709918519
schedule_time_cost:33.7865424156189 +- 1.8374716636663546
efficiency:1.948241831718613