saved_ratio:0.22208359326263252 +- 0.03132845796503984
extra_overhead:0.11178376083442416 +- 0.03005896346549926
vanilla_max_memory_used:3206.0 +- 0.0
schedule_max_memory_used:2494.0 +- 100.43903623591775
vanilla_time_cost:26.348482608795166 +- 0.6424542290883636
schedule_time_cost:29.275375922520954 +- 0.24223451729965162
efficiency:1.9867250091145723