saved_ratio:0.28963191083736617 +- 0.03536098002712089
extra_overhead:0.10197652752610464 +- 0.04631966798558737
vanilla_max_memory_used:4546.0 +- 0.0
schedule_max_memory_used:3229.3333333333335 +- 160.7510152032916
vanilla_time_cost:27.64389904340108 +- 0.8151218904901064
schedule_time_cost:30.42651041348775 +- 0.4807137593035743
efficiency:2.8401821268450647