saved_ratio:0.6183606557377049 +- 0.00668723870635116
extra_overhead:0.20470784150386065 +- 0.021594759216605683
vanilla_max_memory_used:3050.0 +- 0.0
schedule_max_memory_used:1164.0 +- 20.396078054371138
vanilla_time_cost:48.55126118659973 +- 0.5081745306021214
schedule_time_cost:58.4791468779246 +- 0.44829046859447375
efficiency:3.020698431457219