saved_ratio:0.37206134328305823 +- 0.01860877998970868
extra_overhead:0.30921084725330766 +- 0.01639234266418112
vanilla_max_memory_used:3368.3333333333335 +- 5.734883511361751
schedule_max_memory_used:2115.0 +- 59.0592922409336
vanilla_time_cost:17.920323371887207 +- 0.2049163672351018
schedule_time_cost:25.952350854873657 +- 0.5034936649187267
efficiency:1.2032609676796462