saved_ratio:0.5225409836065574 +- 0.03658465524251489
extra_overhead:0.3405778818818035 +- 0.028897536196049782
vanilla_max_memory_used:2928.0 +- 0.0
schedule_max_memory_used:1398.0 +- 107.11987055008359
vanilla_time_cost:16.15625516573588 +- 0.1020657714928094
schedule_time_cost:24.542661507924397 +- 0.969182794155369
efficiency:1.5342775071573898