saved_ratio:0.5334699453551913 +- 0.04367313487198306
extra_overhead:0.574861483561668 +- 0.05128239889410175
vanilla_max_memory_used:2928.0 +- 0.0
schedule_max_memory_used:1366.0 +- 127.87493890516625
vanilla_time_cost:15.22765827178955 +- 0.08624484321737304
schedule_time_cost:23.98059884707133 +- 0.7641710540926014
efficiency:0.9279973708622341