saved_ratio:0.6449305268950337 +- 0.010129431274135842
extra_overhead:0.2906233275099928 +- 0.09266233869352197
vanilla_max_memory_used:9692.0 +- 0.0
schedule_max_memory_used:3441.3333333333335 +- 98.17444790892496
vanilla_time_cost:22.53394929567973 +- 0.7300815406288704
schedule_time_cost:29.024132013320923 +- 1.3180667134217408
efficiency:2.2191285621174313