saved_ratio:0.35208730663276117 +- 0.032500283210314264
extra_overhead:0.11092923116757177 +- 0.02549064580658604
vanilla_max_memory_used:6292.0 +- 0.0
schedule_max_memory_used:4076.6666666666665 +- 204.49178195929755
vanilla_time_cost:29.138792117436726 +- 0.8056620525725526
schedule_time_cost:32.782601833343506 +- 0.6838591632605869
efficiency:3.173981311570541