saved_ratio:0.22409485715765085 +- 0.053327139931009536
extra_overhead:0.09712039267802124 +- 0.004997887979485548
vanilla_max_memory_used:3218.875 +- 0.0
schedule_max_memory_used:7.994193474451701 +- 0.11204198088446857
vanilla_time_cost:7.2175915241241455 +- 0.09473311364671537
schedule_time_cost:7.994193474451701 +- 0.11204198088446858
efficiency:2.3005741857075015 +- 0.5267573585413005