saved_ratio:0.2006912352918333 +- 0.033529074756197846
extra_overhead:0.08375905130703525 +- 0.02058903041659841
vanilla_max_memory_used:3218.875 +- 0.0
schedule_max_memory_used:7.879404544830322 +- 0.10374223023778543
vanilla_time_cost:7.2175915241241455 +- 0.09473311364671537
schedule_time_cost:7.879404544830322 +- 0.10374223023778543
efficiency:2.5112089420226007 +- 0.6786073012284607