saved_ratio:0.1952624839948784 +- 0.024967989756722153
extra_overhead:0.10272143365952269 +- 0.02057385111309451
vanilla_max_memory_used:1562.0 +- 0.0
schedule_max_memory_used:17.803399205207825 +- 0.5176364183425903
vanilla_time_cost:15.963958740234375 +- 0.09817957878112793
schedule_time_cost:17.803399205207825 +- 0.5176364183425903
efficiency:1.9008932901198539