saved_ratio:0.5785264272890184 +- 0.04737261985355963
extra_overhead:0.23903860319247805 +- 0.008597835422028147
vanilla_max_memory_used:7690.0 +- 349.00238776642584
schedule_max_memory_used:3224.6666666666665 +- 209.35668659544223
vanilla_time_cost:33.500633001327515 +- 0.552713403745842
schedule_time_cost:41.51331241925558 +- 0.971655131068927
efficiency:2.4202217531499666