saved_ratio:0.46876932591218307 +- 0.026685774904627625
extra_overhead:0.32202180460846547 +- 0.061045197106397796
vanilla_max_memory_used:2156.0 +- 0.0
schedule_max_memory_used:1145.3333333333333 +- 57.53453069437711
vanilla_time_cost:12.773714860280355 +- 0.35072578085665823
schedule_time_cost:18.955400149027508 +- 1.272178073719815
efficiency:1.4557067850797947