saved_ratio:0.38381913663749206 +- 0.08425571550317591
extra_overhead:0.20119512593012412 +- 0.08008798706542292
vanilla_max_memory_used:9002.875 +- 411.40085885504254
schedule_max_memory_used:45.006189823150635 +- 4.537936101307957
vanilla_time_cost:35.602906147638954 +- 1.082029148709917
schedule_time_cost:45.006189823150635 +- 4.537936101307957
efficiency:1.9076959984149615