saved_ratio:0.3310938932362349 +- 0.1544799345669184
extra_overhead:0.14744009420357895 +- 0.07000247352388161
vanilla_max_memory_used:6305.208333333333 +- 72.6697247062963
schedule_max_memory_used:36.86961682637533 +- 2.9015270147444263
vanilla_time_cost:31.230746030807495 +- 0.2831571625236158
schedule_time_cost:36.86961682637533 +- 2.9015270147444263
efficiency:2.2456163977966175