saved_ratio:0.19237962387315288 +- 0.04791330914772459
extra_overhead:0.17361433813008742 +- 0.02734875766334184
vanilla_max_memory_used:5988.333333333333 +- 446.5641673439054
schedule_max_memory_used:4815.666666666667 +- 121.35164696954972
vanilla_time_cost:28.22591217358907 +- 0.4061004240551966
schedule_time_cost:33.13646284739176 +- 1.2293462096923038
efficiency:1.108086036816872