saved_ratio:0.22923562465597924 +- 0.23155243082491578
extra_overhead:0.10157026460729257 +- 0.03516333082254702
vanilla_max_memory_used:5666.541666666667 +- 388.4373251318101
schedule_max_memory_used:8.832164287567139 +- 0.18147967262646722
vanilla_time_cost:7.928698301315308 +- 0.15105505686022486
schedule_time_cost:8.832164287567139 +- 0.18147967262646722
efficiency:3.2256477523853486 +- 3.5258872155168723