saved_ratio:0.298390263054574 +- 0.004744030613896555
extra_overhead:0.3119065962553734 +- 0.036418423408389695
vanilla_max_memory_used:1698.0 +- 0.0
schedule_max_memory_used:1191.3333333333333 +- 8.055363982396381
vanilla_time_cost:14.580606937408447 +- 0.15564068897857736
schedule_time_cost:21.240938266118366 +- 0.9874360318372057
efficiency:0.9566654461205016