saved_ratio:0.31907608729118836 +- 0.02304577831516503
extra_overhead:0.10996990020603518 +- 0.029902532258850128
vanilla_max_memory_used:5038.0 +- 169.98823488700623
schedule_max_memory_used:3426.6666666666665 +- 24.567367696917707
vanilla_time_cost:97.03759018580119 +- 0.48837627751473894
schedule_time_cost:107.72174286842346 +- 3.390627600486244
efficiency:2.9014856491947363