saved_ratio:0.2729359082031187 +- 0.03891473475237001
extra_overhead:0.14857255687711934 +- 0.02799249522894298
vanilla_max_memory_used:9027.333333333334 +- 343.53974377873016
schedule_max_memory_used:6566.0 +- 464.6920126994509
vanilla_time_cost:31.022311131159466 +- 0.47772127964342453
schedule_time_cost:36.4772797425588 +- 1.3828332302059574
efficiency:1.8370546616415653