saved_ratio:0.2767142431608499 +- 0.18945633428522976
extra_overhead:0.2792731436731453 +- 0.02213601203297569
vanilla_max_memory_used:8651.541666666666 +- 323.3835012626477
schedule_max_memory_used:12.153301318486532 +- 0.5232999573061159
vanilla_time_cost:8.749284982681274 +- 0.19403503060906835
schedule_time_cost:12.153301318486532 +- 0.5232999573061159
efficiency:1.047894486578848 +- 0.7971039959737053