saved_ratio:0.6867833038464058 +- 0.007759843440449478
extra_overhead:0.27166461653510904 +- 0.03002007168909662
vanilla_max_memory_used:10174.0 +- 0.0
schedule_max_memory_used:3186.6666666666665 +- 78.94864716313312
vanilla_time_cost:32.78940749168396 +- 0.28441428070011365
schedule_time_cost:41.70095078150431 +- 1.1853747888277577
efficiency:2.528055779239282