saved_ratio:0.4498336634176019 +- 0.38408442129655324
extra_overhead:0.12347529202512524 +- 0.11732762936724524
vanilla_max_memory_used:3218.875 +- 0.0
schedule_max_memory_used:32.847508668899536 +- 3.259751856458152
vanilla_time_cost:28.416836738586426 +- 0.9302978014607415
schedule_time_cost:32.847508668899536 +- 3.259751856458152
efficiency:3.6431066980272293