saved_ratio:0.34145450994875975 +- 0.03740405132102739
extra_overhead:0.21979458296823606 +- 0.04509751434992577
vanilla_max_memory_used:9814.875 +- 0.0
schedule_max_memory_used:50.1099796295166 +- 0.3899973551050113
vanilla_time_cost:39.08173664410909 +- 2.0138233711775606
schedule_time_cost:50.1099796295166 +- 0.3899973551050113
efficiency:1.553516494071674