saved_ratio:0.3807455664133188 +- 0.0010236797411314483
extra_overhead:0.08211365163221081 +- 0.01258087289476494
vanilla_max_memory_used:1842.0 +- 0.0
schedule_max_memory_used:1140.6666666666667 +- 1.8856180831641267
vanilla_time_cost:45.48264249165853 +- 0.15194492716574773
schedule_time_cost:49.55906216303507 +- 0.5617632993031768
efficiency:4.636812014142157