saved_ratio:0.41238891975049113 +- 0.0652917247769271
extra_overhead:0.43526699392263485 +- 0.03339861763686532
vanilla_max_memory_used:4895.333333333333 +- 123.33513512197389
schedule_max_memory_used:2869.3333333333335 +- 251.55162933724407
vanilla_time_cost:22.91510279973348 +- 0.20823512380831055
schedule_time_cost:32.89432636896769 +- 1.001999319984154
efficiency:0.9474389868940761