saved_ratio:0.61289546493444 +- 0.012715883870541771
extra_overhead:0.3595779882166616 +- 0.0984575650248932
vanilla_max_memory_used:5542.0 +- 0.0
schedule_max_memory_used:2145.3333333333335 +- 70.47142841054253
vanilla_time_cost:18.16106081008911 +- 0.7800008318924233
schedule_time_cost:24.615468104680378 +- 0.7282606283428595
efficiency:1.7044854941597356