saved_ratio:0.6336118848653668 +- 0.015047513151259292
extra_overhead:0.5452895610910421 +- 0.022295520432846053
vanilla_max_memory_used:3590.0 +- 0.0
schedule_max_memory_used:1315.3333333333333 +- 54.020572213021055
vanilla_time_cost:17.361029545466106 +- 0.11615500628296228
schedule_time_cost:26.828553199768066 +- 0.4688764098071703
efficiency:1.1619732525185427