saved_ratio:0.7511335665241612 +- 0.013015792286675867
extra_overhead:0.18629203947491543 +- 0.030503444716032443
vanilla_max_memory_used:5146.0 +- 0.0
schedule_max_memory_used:1280.6666666666667 +- 66.97926710723418
vanilla_time_cost:52.814107179641724 +- 0.731866528315455
schedule_time_cost:64.97472214698792 +- 1.9887878977700255
efficiency:4.032021811781725