saved_ratio:0.7594717471314137 +- 0.0
extra_overhead:0.13417275580900903 +- 0.00965491866009651
vanilla_max_memory_used:9238.0 +- 0.0
schedule_max_memory_used:2222.0 +- 0.0
vanilla_time_cost:60.58054327964783 +- 0.2916131119102783
schedule_time_cost:69.97481640179952 +- 0.6375003986543537
efficiency:5.6604020879805095