saved_ratio:0.7594717471314137 +- 0.0
extra_overhead:0.15510764621812564 +- 0.012809219949033399
vanilla_max_memory_used:9238.0 +- 0.0
schedule_max_memory_used:2222.0 +- 0.0
vanilla_time_cost:60.58054327964783 +- 0.2916131119102783
schedule_time_cost:69.97481640179952 +- 0.6375003986543537
efficiency:4.896417202175704