saved_ratio:0.35945254515962777 +- 0.02442126838635176
extra_overhead:0.0759159414406072 +- 0.0323860786975634
vanilla_max_memory_used:4304.0 +- 287.3743203558731
schedule_max_memory_used:2757.3333333333335 +- 212.49209135609937
vanilla_time_cost:19.43351101875305 +- 0.11650759422434595
schedule_time_cost:20.91135613123576 +- 0.7195574186474801
efficiency:4.734875684059655