saved_ratio:0.7232582232582233 +- 0.0019703605354445745
extra_overhead:0.31064355764699414 +- 0.00923393646446521
vanilla_max_memory_used:10296.0 +- 0.0
schedule_max_memory_used:2849.3333333333335 +- 20.28683207293725
vanilla_time_cost:23.849543571472168 +- 0.10368830383292534
schedule_time_cost:34.60219558080038 +- 0.42322173124929874
efficiency:2.328257597667974