saved_ratio:0.45604206164519817 +- 0.06336174517583182
extra_overhead:0.1842436418441068 +- 0.20299708917540915
vanilla_max_memory_used:5318.333333333333 +- 509.8348316421266
schedule_max_memory_used:2862.3333333333335 +- 134.0679761248831
vanilla_time_cost:22.214033524195354 +- 0.4670947810877528
schedule_time_cost:26.37761680285136 +- 4.908962639423871
efficiency:2.4752119371970887