saved_ratio:0.48030176026823135 +- 0.009941574112689115
extra_overhead:0.2792960851109566 +- 0.016858101525620287
vanilla_max_memory_used:2386.0 +- 0.0
schedule_max_memory_used:1240.0 +- 23.72059583287626
vanilla_time_cost:16.61054301261902 +- 0.3982783455821902
schedule_time_cost:23.04809816678365 +- 0.19499238238396682
efficiency:1.7196866904791048