saved_ratio:0.25631244323342417 +- 0.0299292338134709
extra_overhead:0.10994324997923129 +- 0.03565281879695105
vanilla_max_memory_used:3670.0 +- 0.0
schedule_max_memory_used:2729.3333333333335 +- 109.84028809543832
vanilla_time_cost:26.81439248720805 +- 0.649527332573286
schedule_time_cost:29.73961655298869 +- 0.25631172976697986
efficiency:2.3313158677939994