saved_ratio:0.5715697904310003 +- 0.00866758015689322
extra_overhead:0.30513705690499077 +- 0.024703456688191718
vanilla_max_memory_used:3372.0 +- 0.0
schedule_max_memory_used:1444.6666666666667 +- 29.227080289043965
vanilla_time_cost:15.755599896113077 +- 0.09623185170421006
schedule_time_cost:22.70392084121704 +- 0.8384444476991519
efficiency:1.873157577871532